time,x,y,z,phi,theta,psi,x_velocity,y_velocity,z_velocity,phi_velocity,theta_velocity,psi_velocity,rotor_speed1,rotor_speed2,rotor_speed3,rotor_speed4
0.06,3.9198995111e-08,3.16902492118e-07,0.0095077392422,6.28269076257,6.28314329052,0.0,4.07332916157e-06,-9.0305079071e-06,0.316890600078,-0.0348456773766,-0.00213909875783,0.0,501.19602041285583,501.0405713872832,502.1834661275601,499.64999475951095
0.12000000000000001,1.45195051303e-06,-1.93890906613e-05,0.0327620412132,6.28074541935,7.89118941249e-05,0.0,4.22502087429e-05,-0.000865576440345,0.45820585234,-0.0279705988739,0.00924516526905,0.0,448.93808010269896,449.86066904539103,450.21184191501374,450.76728221846207
0.18,-6.61374848911e-07,-0.000143426806311,0.0688299308683,6.27911898469,0.000403187002282,0.0,-0.000171387065181,-0.00348254042661,0.743914616651,-0.0254343799073,-0.00366626109201,0.0,493.2230312432852,492.2686093618827,492.30693307178166,492.4944329086749
0.23999999999999996,-1.97757945572e-05,-0.000448192137948,0.117817557285,6.27743003234,0.000799288374337,0.0,-0.000481136160418,-0.00684983954108,0.888903519749,-0.0342213461085,0.0217535879859,0.0,450.70252908075025,452.75203035689225,451.69792008850163,450.98863126273477
0.3,-6.78647651752e-05,-0.000972900063691,0.172020665532,6.2753020287,0.00180698538648,0.0,-0.00122991274358,-0.0108314306234,0.917842381766,-0.0380810453901,0.00435600750947,0.0,414.9338679299709,413.4038690800983,415.1270675430876,414.7876363648676
0.36000000000000004,-0.000177730841106,-0.00178440665946,0.228920649374,6.27327542895,0.00184930724514,0.0,-0.002447999191,-0.016424687593,0.97877137466,-0.0263218966829,-0.00783500846038,0.0,425.72510902891787,424.6808395911823,424.692703746009,425.69944046244495
0.4200000000000001,-0.000356270410904,-0.00295367819306,0.287998364113,6.27162118894,0.001145100745,0.0,-0.00345236371686,-0.0226946138295,0.990474146373,-0.0301926532426,-0.0209800503768,0.0,409.01559288189304,407.84345100870274,409.5957088702978,409.2511011967905
0.48000000000000015,-0.000581121578788,-0.00454735815934,0.349270667748,6.2699027514,6.28279873897,0.0,-0.0039102496206,-0.030597214508,1.05187909022,-0.0257049008419,-0.0366744599855,0.0,426.55108657699674,425.208662108825,424.92799808215244,425.31221400215225
0.5400000000000001,-0.000799950669527,-0.00666844905781,0.41574922879,6.26839131507,6.28126729352,0.0,-0.00319688040913,-0.0402628475265,1.16396267522,-0.0241814896167,-0.00941738630503,0.0,440.51837954879045,442.766033241489,442.0161459406511,442.14154724424196
0.6000000000000002,-0.000952624880026,-0.00937684328965,0.487349508587,6.26685276057,6.28086521136,0.0,-0.001846478704,-0.0501592611259,1.22264962555,-0.0287372822907,-0.00175806740441,0.0,424.5897938087019,425.2464320258042,425.26023452260074,424.86970025599436
0.6600000000000003,-0.00102302843447,-0.0126738787533,0.560308478037,6.26506733329,6.28037853995,0.0,-0.000479046115002,-0.0598917459881,1.20932748819,-0.0318786581394,-0.0255244327484,0.0,402.22719907672905,400.06934089270203,400.8059487484079,400.5199912751118
0.7200000000000003,-0.000972245933397,-0.0167422731853,0.640914646628,6.26319424297,6.27874240381,0.0,0.00237145452676,-0.0759559093371,1.47723228768,-0.0299291061964,-0.0310079914958,0.0,489.4159497718823,489.00758007359974,488.2223048797292,488.3674813844416
0.7800000000000004,-0.000712784519915,-0.0217969749676,0.736349025941,6.26120652302,6.27680109095,0.0,0.00650506204817,-0.0927551955515,1.70359784949,-0.0404485300435,-0.035195234257,0.0,477.8117967957596,477.49218312941144,477.67012014728925,476.8669480473257
0.8400000000000004,-0.000205321501642,-0.0277500699028,0.838184796124,6.25852626223,6.2745493673,0.0,0.0105963089085,-0.105898305909,1.6909397465,-0.0548385427514,-0.0426586612578,0.0,402.4670854347969,401.7902109081808,403.72518715786686,402.4233769464452
0.9000000000000005,0.000602079015796,-0.0345799170894,0.940819836228,6.25553913335,6.27203760102,0.0,0.0165523528688,-0.1220524246,1.73015882509,-0.0412266520579,-0.0403171251946,0.0,420.13264690770507,420.33454719720055,419.4267025340324,420.6053648272468
0.9600000000000005,0.00184803639784,-0.0425155053917,1.04875833162,6.25330356015,6.26949617387,0.0,0.0252434732275,-0.142713524316,1.86756478906,-0.0303186492309,-0.0467844270946,0.0,450.88925265218904,450.3655409072498,452.1812206443632,453.0583783812459
1.0200000000000005,0.00365284334455,-0.0516955900222,1.16356130515,6.25124572752,6.26643797158,0.0,0.0352083974517,-0.163478763215,1.95903663701,-0.0437573668364,-0.0610285591695,0.0,437.8843272449061,436.69607651866386,438.74008993597107,437.62242669740624
1.0800000000000005,0.00612589877645,-0.0621754541603,1.28412389432,6.24820989659,6.26277280131,0.0,0.0475977679464,-0.186127635015,2.0595221828,-0.0700163395398,-0.0612015927405,0.0,441.4143396330076,441.39737013832223,441.593587693334,439.42040136549707
1.1400000000000006,0.00947399838564,-0.0741779994016,1.41336220937,6.24367086922,6.2592204208,0.0,0.064413688062,-0.21444362577,2.24803930094,-0.0903593609557,-0.0554893974502,0.0,468.0503164643887,468.4923679701023,469.2259206215461,467.6397018018248
1.2000000000000006,0.0138303381636,-0.087856612208,1.55059797366,6.23795019676,6.25657188044,0.0,0.0810828132643,-0.242051620262,2.32629539238,-0.107857498956,-0.0278296585087,0.0,433.9921169871748,436.3060815692974,435.89857073325277,434.4257432531279
1.2600000000000007,0.0192168025114,-0.103281494265,1.6919170582,6.23093873384,6.25592664024,0.0,0.098561496406,-0.272737975853,2.38418287906,-0.14880035627,0.0108977606357,0.0,426.68016116280256,429.97358634219546,431.4193927066592,427.9344315743463
1.3200000000000007,0.0257538211204,-0.120883587371,1.84024087222,6.22221609248,6.2562230282,0.0,0.119270035361,-0.314975785331,2.55950533178,-0.1392923364,-0.0109572896936,0.0,466.3047626108131,464.5943694744835,466.1430281863289,466.8666812398315
1.3800000000000008,0.0334817796276,-0.141101925026,1.99723083393,6.21438448278,6.25580975826,0.0,0.138375645709,-0.359790376175,2.67316830333,-0.117111680988,0.000211737472342,0.0,448.0228444212407,448.9301162659795,446.76481491573793,448.5537717320355
1.4400000000000008,0.0423562634653,-0.164154814917,2.16082193734,6.20776485593,6.25617420019,0.0,0.157411190662,-0.409321869098,2.7795533675,-0.0993867218315,0.0157794698509,0.0,446.2910829809272,447.5598473786136,445.3209238367137,446.75752633315744
1.5000000000000009,0.0523202331135,-0.190197948394,2.32926631131,6.20160518938,6.25775059885,0.0,0.174590348281,-0.459350997305,2.83506741056,-0.110173565685,0.041671961678,0.0,429.8883799864754,432.07698594835637,431.3628850611526,430.44141239306856
1.560000000000001,0.0633901762782,-0.219730718565,2.50544833216,6.19530730441,6.25993166099,0.0,0.194114946948,-0.52578721279,3.03707527412,-0.0961855275307,0.0227182324361,0.0,477.709775166647,476.2627952558139,475.55621544654474,476.6175322037985
1.620000000000001,0.0755913420463,-0.253423202486,2.6940371491,6.18928376531,6.26120917736,0.0,0.212418569464,-0.597942328839,3.24855776406,-0.1105075887,0.0182751126635,0.0,480.3813332596036,480.0442597427451,481.3506538579834,480.257597083397
1.680000000000001,0.0887181808584,-0.29097146347,2.88877683867,6.18217070568,6.26204167407,0.0,0.225056383289,-0.654255327679,3.24270506371,-0.143917418422,0.00317472707121,0.0,414.53568994525165,413.2064909490371,415.20423006858186,412.2478319195978
1.740000000000001,0.102672112348,-0.332422221326,3.08695757184,6.17331332093,6.26223900897,0.0,0.240045331177,-0.728318222591,3.36284435916,-0.156302536263,0.00351633291348,0.0,454.9259306538375,454.95321824151847,454.9220693559831,453.9091813568692
1.8000000000000012,0.117476561945,-0.378271611115,3.29021440624,6.16444258992,6.2621996247,0.0,0.253421872154,-0.800837738164,3.41210350537,-0.134801644929,-0.0106826155906,0.0,433.834090393185,432.6402033995841,432.44211292307466,434.2280342779052
1.8600000000000012,0.133196072904,-0.429257481473,3.50152611515,6.15596801382,6.26142691581,0.0,0.270630358521,-0.899594131293,3.63077537665,-0.158976963544,-0.0176779208934,0.0,485.90140423909196,485.3768182707444,486.7303294580332,484.9004301223619
1.9200000000000013,0.149922884479,-0.4861168735,3.72388701927,6.14630290938,6.26075986193,0.0,0.28700979364,-0.996704243487,3.78056980024,-0.165668443987,-0.000465782381718,0.0,465.7371148805905,467.0815622788469,468.0777738632585,467.53340368761945
1.9800000000000013,0.167572750642,-0.54858372572,3.95208334783,6.13672331533,6.26061650946,0.0,0.301321100185,-1.08641702951,3.82563301896,-0.149764742105,-0.00654423810165,0.0,436.0107765811134,435.502663451145,435.27335407953854,436.5773858414394
2.0400000000000014,0.186161413864,-0.61712297293,4.1863760251,6.128644033,6.25962944333,0.0,0.318322565982,-1.19907498741,3.98336309342,-0.114704599727,-0.0724056207569,0.0,473.6435975000088,468.55016612929467,470.84625765778645,473.53457361291686
2.1000000000000014,0.205679996702,-0.691765532618,4.42480972092,6.12228675837,6.25565996748,0.0,0.332650314273,-1.28957895973,3.96432574728,-0.092555527412,-0.0559301382377,0.0,415.9390348831198,417.3758757324774,416.3024247164263,418.2252350798278
2.1600000000000015,0.226152428373,-0.772108128319,4.66307235787,6.11668502623,6.25220436358,0.0,0.350067915977,-1.38900229178,3.9775464051,-0.0950251555957,-0.0611450772098,0.0,429.1903696343635,428.74506004038375,427.131321609546,426.91286826573
2.2200000000000015,0.247744225201,-0.858574215568,4.90242054717,6.11091019843,6.24833710508,0.0,0.369998444986,-1.49371215425,4.00045783906,-0.0988084188855,-0.0720624796515,0.0,432.8162237810737,431.8931006206555,431.17985836454767,430.8518626769888
2.2800000000000016,0.270588118004,-0.951346863791,5.14262619394,6.10510648576,6.24373405453,0.0,0.391857616429,-1.59922855862,4.00617616788,-0.092866116665,-0.0881880781426,0.0,427.87387502409024,426.4936281736538,425.7843987721333,426.284070001598
2.3400000000000016,0.294885882323,-1.05080387,5.38451522143,6.09996449979,6.23866462173,0.0,0.41855350089,-1.71648315936,4.05638957198,-0.0742603023744,-0.0779700673516,0.0,440.7872171318137,441.6249520261837,441.38404637561985,442.9107726217773
2.4000000000000017,0.320770478337,-1.15694748035,5.62698029353,6.09519194037,6.2342019415,0.0,0.4446502643,-1.82205004006,4.02569903173,-0.0930377688556,-0.0680223439426,0.0,415.7109446949966,416.5770227550826,416.0542913220261,414.4010533377107
2.4600000000000017,0.348520814746,-1.27036639008,5.87203658184,6.08995979141,6.22989585431,0.0,0.480776259209,-1.95906894867,4.14214876822,-0.0775404155687,-0.0805663617801,0.0,464.53773897429596,463.549169859489,462.55997968587695,463.7728253072931
2.520000000000002,0.378419662411,-1.39171276459,6.12197834531,6.08574192858,6.22504038131,0.0,0.516299161734,-2.08620379138,4.18882455523,-0.0587587069197,-0.0816502628683,0.0,442.59313108030136,442.4985873438902,442.88719162102194,444.4255043991017
2.580000000000002,0.410547381246,-1.52078289268,6.37475043467,6.08222692284,6.22024560681,0.0,0.555070597109,-2.21644721187,4.23649235124,-0.0582353057751,-0.0766487273936,0.0,444.212182656843,444.61703976297457,444.1915138603998,444.232046137504
2.640000000000002,0.445064782921,-1.65765656756,6.62993275939,6.07841113204,6.21634226769,0.0,0.595883747803,-2.34633808711,4.26921434574,-0.0773610528909,-0.0484877122681,0.0,438.72076754813935,441.0495514534071,441.69485485729325,440.1113949695484
2.700000000000002,0.482173757904,-1.80263305149,6.88813120812,6.07414747712,6.2135939692,0.0,0.641330506355,-2.48660792893,4.33685350372,-0.06076258782,-0.0409185295408,0.0,451.086922570613,451.6966089432618,452.7940244182358,454.1236649660781
2.760000000000002,0.521965396777,-1.95582958265,7.14900818871,6.0703260854,6.2111971433,0.0,0.685260983355,-2.62029147471,4.35870083826,-0.0702992791401,-0.038072247396,0.0,438.44822931982077,438.6838296097733,439.5307417920821,438.73650863835087
2.820000000000002,0.565122986565,-2.11913820206,7.42042342143,6.06638801895,6.20852507606,0.0,0.753540142254,-2.82359976245,4.68671643022,-0.0576435643049,-0.0623763303664,0.0,531.6631315988216,529.9942669023857,529.3756626885333,530.2433943495602
2.880000000000002,0.611885408975,-2.29312266534,7.7040601215,6.06335700224,6.20442692197,0.0,0.805555720924,-2.97615292028,4.76717135677,-0.0391257598839,-0.0840688363282,0.0,463.240716695398,461.52801600519007,460.91184434777955,462.3716228079181
2.940000000000002,0.661601428219,-2.47563242543,7.98937313965,6.06139399141,6.19955844568,0.0,0.852061481527,-3.10775213575,4.74309915369,-0.0222692092567,-0.0758522191494,0.0,429.3200179413382,430.011138077819,428.9727617529113,430.40151593352806
3.000000000000002,0.714696660088,-2.66740308673,8.27905617221,6.05986414681,6.19473425062,0.0,0.91822721639,-3.28463077688,4.91191000168,-0.0328935286948,-0.0915531239898,0.0,492.09505698675406,490.92664024231505,489.78382297793695,488.9928456147282
3.0600000000000023,0.771117253448,-2.86796218837,8.57057934903,6.05760829137,6.18951132993,0.0,0.962877735553,-3.40099140942,4.80574912994,-0.0492258175712,-0.0792971753242,0.0,403.31753878738266,404.41600585533087,405.1268970118471,403.65450532458584
3.1200000000000023,0.830703063528,-3.07653007431,8.85993714183,6.05452597752,6.18449460971,0.0,1.02373536969,-3.55156053208,4.83899573521,-0.056050539791,-0.0940485719897,0.0,451.3538102797459,450.15579380022467,451.1218991130041,450.5687269519124
3.1800000000000024,0.894329459555,-3.29487081903,9.15408916611,6.05157423913,6.17863168515,0.0,1.09767643573,-3.72669620213,4.96504131546,-0.0381578762839,-0.106291912723,0.0,480.5755796752732,479.63902086878045,480.6863973077794,482.03923003604734
3.2400000000000024,0.961978709974,-3.52262046054,9.45077532581,6.04901518372,6.17272882069,0.0,1.15780061397,-3.86526046883,4.9243266304,-0.0536284806021,-0.0860011296524,0.0,428.51569128980185,430.2285146002788,430.96669078296117,429.65567481880123
3.3000000000000025,1.03399399853,-3.76013380977,9.75076567809,6.04570480045,6.16833318157,0.0,1.2431123585,-4.05207842362,5.07413876901,-0.0584550758668,-0.0555292058717,0.0,489.3974183555553,491.65663396964584,490.31675846036364,489.9562490140104
3.3600000000000025,1.11045688694,-4.00740291889,10.0533124284,6.04189210972,6.16497098736,0.0,1.30591544008,-4.19065098167,5.01066337348,-0.0764030016899,-0.0570706804244,0.0,425.9024848498261,425.7683141720153,425.3238719778272,423.7803047375966
3.4200000000000026,1.19136099093,-4.26432100244,10.3570627123,6.03771158551,6.16149028097,0.0,1.39113709013,-4.37365287831,5.11329747662,-0.0588066772616,-0.0599628580555,0.0,478.6809897448485,478.45873919756986,478.62492304529906,479.9590757098558
3.4800000000000026,1.27730862263,-4.53204728495,10.6658094986,6.03359018067,6.15824779618,0.0,1.47402718525,-4.55088363787,5.17742097825,-0.11213806911,-0.0442579710596,0.0,468.3562112355408,469.5744761347333,471.5491382833147,467.4058285655918
3.5400000000000027,1.36734730915,-4.80867592525,10.9711283049,6.02633890311,6.15636426268,0.0,1.52746181166,-4.67078002156,5.00027975432,-0.150569572044,-0.013532368123,0.0,387.5421099968305,390.41952708369143,391.1449215597534,387.5314871357615
3.6000000000000028,1.46126177263,-5.09392871904,11.270724859,6.017246643,6.15569417622,0.0,1.60301922821,-4.83846071129,4.98564842522,-0.153545148915,-0.00681557645339,0.0,446.11303234853386,446.66138663824466,444.4382860288755,444.1726360232586
3.660000000000003,1.56014954661,-5.39032073668,11.5726452701,6.00845155599,6.15527805334,0.0,1.69313300447,-5.04206191889,5.07708315623,-0.1354172621,-0.00717608342923,0.0,480.71592476876043,480.6887146189028,479.2940784444095,480.6514783644192
3.720000000000003,1.66406719826,-5.69833354495,11.8771557808,6.00032930431,6.15639583557,0.0,1.77065033019,-5.22577997033,5.07255803151,-0.13527832401,0.0463581787335,0.0,450.2234455225756,454.5352101872441,453.1058839203719,453.10052151871014
3.780000000000003,1.77266752798,-6.01769519573,12.1818461577,5.99231776544,6.1590209361,0.0,1.84900275116,-5.42035675873,5.08298654798,-0.130235864849,0.0379513494386,0.0,459.4520964773925,458.7859403655005,458.88055670489683,459.2649441825091
3.840000000000003,1.88553924347,-6.34804579215,12.4842220829,5.98436980949,6.16096283324,0.0,1.91318497795,-5.59211916592,4.99596335646,-0.137341670131,0.0178160917482,0.0,429.45254505081624,427.74119831757514,428.5760786376224,427.9546219234521
3.900000000000003,2.00217925743,-6.68874786235,12.7809476594,5.9763988156,6.16216218813,0.0,1.97470162861,-5.76543123114,4.89466807452,-0.12512003588,0.0240149868537,0.0,424.5782368705912,425.1098710036106,422.870639930653,423.90509771104905
3.960000000000003,2.12256231361,-7.04020538294,13.0721598445,5.96904187201,6.16391068298,0.0,2.03789411256,-5.95059586236,4.81206957596,-0.118030673277,0.037807899959,0.0,430.65742607162247,431.8230818780089,430.70438010166254,431.28954679153964
4.020000000000002,2.24694236114,-7.40356654583,13.3603010841,5.96158948365,6.16571796289,0.0,2.10782249833,-6.16216828848,4.7919011917,-0.140901330623,0.00667323039956,0.0,453.82186734242134,451.3155144331746,454.1578377274959,452.30518249238713
4.080000000000001,2.37551755429,-7.77989602854,13.6474357561,5.95269719796,6.16594775906,0.0,2.17788453605,-6.38295164375,4.77832377889,-0.169698183272,-0.00256884388237,0.0,456.87837084520737,456.1406656478078,458.30084975442503,455.98497660749285
4.14,2.50818572989,-8.16940382304,13.9328649276,5.94204667371,6.16631939119,0.0,2.24428312324,-6.60157194727,4.73508625963,-0.201554649858,0.0196179002313,0.0,448.39831880889386,450.1975122245409,450.46508359670685,447.8497239410718
4.199999999999998,2.64498079823,-8.57272197544,14.2168973884,5.92969869006,6.16738231675,0.0,2.31531077157,-6.84339703168,4.73134552241,-0.21601576027,0.0136099209691,0.0,464.89814876755077,464.42695788461447,464.61765662749696,463.44225902390855
4.259999999999997,2.78602888312,-8.9908742361,14.5007399913,5.91776677941,6.16788271634,0.0,2.386082891,-7.09603223531,4.72864537663,-0.177178119473,-0.0051253360845,0.0,467.89453720423336,466.43320881730654,466.6110377958967,469.5957843984198
4.319999999999996,2.93158825438,-9.42530761101,14.7865457022,5.9069948596,6.1673589065,0.0,2.46573874075,-7.38591189187,4.79627594153,-0.184704237248,-0.0171436412181,0.0,492.9976092714727,492.1087016374587,493.4192460137578,492.8354681451235
4.379999999999995,3.08130097811,-9.87540367694,15.0712333019,5.89605277552,6.16597167023,0.0,2.52470767926,-7.61827984294,4.69246093415,-0.178069365191,-0.0390843208464,0.0,442.2612728919285,440.4497493292339,440.7437213288904,441.2594054144056
4.439999999999993,3.23506015573,-10.3412353675,15.3534064637,5.88516198848,6.16411432557,0.0,2.60062546755,-7.91027293499,4.71147860972,-0.18947267286,-0.018300801501,0.0,483.86551065311926,485.42772790317974,483.4531451053654,482.5638016689184
4.499999999999992,3.3925521114,-10.8220968705,15.6300557164,5.87428555018,6.16254614748,0.0,2.64918486692,-8.11954961991,4.50986108901,-0.168547054668,-0.050378506126,0.0,413.01110459200066,410.17074050301204,412.01783810713044,413.8294186903405
4.559999999999991,3.55333373782,-11.3168889699,15.8971904343,5.86395968613,6.16025508865,0.0,2.71033023524,-8.37447788522,4.39363710981,-0.18034830581,-0.0209957401983,0.0,442.27754351901797,444.6908094500192,444.84395834238376,443.8476128687384
4.6199999999999894,3.71760997708,-11.8265472085,16.1557470964,5.85282788248,6.15881203776,0.0,2.76559393715,-8.61520287774,4.22420753388,-0.198672501981,-0.0309931238687,0.0,427.61656238208354,426.7636782646696,428.36832697265334,426.7713909301437
4.679999999999988,3.88543729957,-12.3516135153,16.4055968568,5.84053955538,6.15662653079,0.0,2.82870582323,-8.8880421634,4.10285325813,-0.221318774515,-0.0504362926523,0.0,447.13901592762,445.55104501435505,447.5613179138172,445.6720537404256
4.739999999999987,4.05732354314,-12.8941211148,16.6496977657,5.82725562492,6.15367296869,0.0,2.90093348568,-9.19652778594,4.03195064511,-0.221559154272,-0.0469099512689,0.0,466.24826607818835,466.5223918101775,467.66333165060377,467.59871359740004
4.799999999999986,4.2332066617,-13.4541362903,16.8867262218,5.81378812715,6.15081517856,0.0,2.96195693234,-9.47174633963,3.86770946507,-0.230984941399,-0.0491094312119,0.0,438.6276871867834,438.4435206007511,439.58092044067365,438.7480589785
4.859999999999984,4.41301368446,-14.0316988208,17.1152193259,5.79966157332,6.14743690416,0.0,3.03171086711,-9.78136430102,3.7468930711,-0.246289100876,-0.0773177327789,0.0,457.622313414689,455.36829935352927,459.25679496184574,457.9871320663129
4.919999999999983,4.59640559311,-14.6259038031,17.3320278737,5.78510983643,6.14284023613,0.0,3.08161731363,-10.02671596,3.47921736757,-0.235919154077,-0.0752349143339,0.0,407.8067502166191,407.9876118502849,407.02259325263196,407.8852093061583
4.979999999999982,4.78364005217,-15.2377756087,17.5375233278,5.77115969326,6.13957593928,0.0,3.15964483216,-10.3699512024,3.36837194081,-0.226431509448,-0.0298916944303,0.0,467.0603971374585,470.5821475258693,466.897475039326,467.58633778952645
5.0399999999999805,4.97517193466,-15.8691060054,17.7335679483,5.75734145633,6.13814452996,0.0,3.22474062457,-10.6755137144,3.16488346972,-0.239442479734,-0.0139154317214,0.0,439.97808703698564,441.29919052288085,440.0327021214455,438.90018474660366
